1433 
430 
475 
411 
434 
411 
482 
419 
830 
415 
440 
375 
398 
438 
741 
725 
452 
409 
422 
424 
1433 
416 
455 
403 
404 
910 
372 
371 
462 
423 
409 
429 
398 
404 
400 
427 
411 
413 
426 
420 
373 
401 
367 
443 
397 
340 
410 
362 
403 
395 
1453 
540 
516 
532 
520 
532 
491 
492 
536 
535 
601 
550 
528 
504 
522 
480 
508 
508 
532 
538 
551 
575 
521 
848 
502 
500 
507 
513 
548 
546 
562 
557 
560 
577 
539 
563 
548 
548 
566 
555 
540 
538 
492 
543 
549 
545 
515 
547 
515 
486 
1585 
453 
497 
472 
457 
452 
503 
472 
486 
446 
439 
483 
523 
492 
467 
440 
441 
481 
483 
545 
690 
498 
531 
603 
446 
428 
434 
782 
479 
425 
461 
465 
418 
449 
471 
474 
432 
414 
424 
415 
419 
432 
452 
412 
474 
475 
436 
440 
469 
575 
1392 
428 
519 
494 
487 
480 
442 
494 
479 
414 
453 
489 
699 
707 
684 
782 
495 
471 
641 
463 
486 
483 
463 
460 
469 
437 
518 
803 
418 
494 
483 
948 
792 
431 
441 
458 
479 
490 
460 
510 
679 
676 
540 
585 
436 
472 
479 
414 
443 
482 
